--- Level 1 ---
--- Nhóm 1 ---
Thời gian chạy 0.0008018017 giây
Số bước BFS: 8
Path BFS: [1, 1, 2, 2, 2, 3, 0, 2]

--- Level 1 ---
--- Nhóm 1 ---
Thời gian chạy 7.0666370392 giây
Số bước: 31
Path DLS: [1, 1, 2, 0, 0, 0, 2, 1, 1, 2, 0, 0, 2, 1, 1, 0, 0, 3, 1, 1, 1, 1, 2, 0, 1, 3, 3, 3, 0, 2, 2]

--- Level 1 ---
--- Nhóm 1 ---
Thời gian chạy 0.0008819103 giây
Số bước: 9
Path IDS: [1, 1, 2, 2, 0, 2, 3, 1, 2]

--- Level 1 ---
--- Nhóm 2 ---
Thời gian chạy 0.0022583008 giây
Số bước: 8
Path UCS: [1, 1, 2, 2, 2, 3, 0, 2]

--- Level 1 ---
--- Nhóm 2 ---
Thời gian chạy 0.0002808571 giây
Số bước: 26
Path Greedy: [1, 1, 2, 2, 2, 1, 2, 0, 1, 3, 3, 0, 0, 0, 0, 2, 2, 1, 1, 0, 0, 3, 3, 1, 1, 2]

--- Level 1 ---
--- Nhóm 2 ---
Thời gian chạy 0.0048952103 giây
Số bước: 8
Path A*: [1, 1, 2, 2, 2, 3, 0, 2]

--- Level 1 ---
--- Nhóm 3 (Tối ưu) ---
Thời gian: 0.0076739788 giây
Số bước SA: 216
Path SA: [1, 1, 2, 1, 2, 0, 3, 0, 0, 2, 1, 3, 1, 1, 2, 0, 2, 2, 0, 0, 3, 1, 3, 1, 1, 2, 0, 3, 0, 0, 3, 1, 3, 1, 2, 1, 2, 0, 2, 2, 0, 0, 3, 1, 3, 1, 1, 2, 0, 0, 1, 3, 3, 3, 0, 2, 0, 2, 1, 2, 2, 0, 3, 1, 1, 1, 3, 0, 2, 0, 3, 2, 0, 0, 3, 1, 3, 1, 2, 3, 3, 1, 2, 1, 2, 2, 0, 0, 1, 3, 1, 3, 0, 3, 0, 2, 0, 0, 2, 2, 1, 3, 1, 2, 0, 2, 1, 3, 1, 3, 0, 3, 3, 1, 2, 1, 2, 2, 2, 0, 3, 3, 1, 3, 0, 2, 2, 2, 0, 1, 3, 3, 3, 3, 0, 2, 0, 2, 2, 1, 3, 1, 3, 0, 3, 0, 2, 0, 2, 1, 2, 1, 3, 0, 3, 3, 1, 2, 0, 0, 2, 2, 2, 1, 3, 1, 3, 0, 2, 2, 1, 3, 1, 1, 2, 0, 3, 0, 0, 2, 1, 3, 1, 3, 3, 0, 3, 0, 2, 0, 2, 1, 3, 1, 2, 0, 2, 2, 1, 3, 0, 3, 3, 1, 2, 0, 2, 1, 3, 1, 1, 2, 0, 3, 0, 2]

--- Level 1 ---
--- Nhóm 3 ---
Thời gian: 0.0011806488 giây
Số bước Beam: 8
Path Beam: [1, 1, 2, 2, 2, 3, 0, 2]

--- Level 1 ---
--- Nhóm 3 ---
Thời gian: 0.0067088604 giây
Số bước Genetic: 126
Path Genetic: [2, 3, 3, 1, 0, 2, 3, 3, 0, 0, 3, 3, 1, 2, 3, 3, 1, 0, 1, 1, 0, 3, 1, 1, 0, 3, 3, 2, 1, 3, 1, 3, 0, 1, 0, 3, 0, 3, 3, 2, 3, 1, 3, 1, 3, 1, 1, 1, 2, 0, 0, 0, 3, 2, 2, 0, 3, 2, 3, 3, 3, 1, 1, 1, 0, 3, 3, 1, 3, 1, 2, 2, 1, 0, 2, 2, 3, 3, 2, 2, 1, 3, 3, 1, 3, 1, 3, 2, 3, 0, 0, 2, 3, 3, 2, 3, 3, 2, 2, 3, 3, 1, 0, 0, 0, 0, 0, 0, 1, 3, 3, 0, 3, 1, 2, 0, 1, 3, 2, 3, 0, 0, 2, 2, 1, 2]

--- Level 1 ---
--- Nhóm 4 ---
Thời gian chạy 0.0010249615 giây
Số bước And-Or: 8
Path And-Or: [1, 1, 2, 2, 2, 3, 0, 2]

--- Level 1 ---
--- Nhóm 4 ---
Thời gian chạy 0.0008122921 giây
Số bước Unobservable: 8
Path Unobservable: [1, 1, 2, 2, 2, 3, 0, 2]

--- Level 1 ---
--- Nhóm 4 (Tối ưu A*) ---
Thời gian chạy 0.0011837482 giây
Số bước Partially Observable: 8
Path Partially Observable: [1, 1, 2, 2, 2, 3, 0, 2]

--- Level 1 ---
--- Nhóm 5 ---
Thời gian: 0.0075325966 giây
Số bước Backtracking: 178
Path Backtracking: [1, 1, 2, 0, 0, 0, 2, 1, 1, 2, 0, 0, 2, 1, 1, 0, 0, 3, 1, 1, 1, 1, 2, 0, 0, 1, 1, 3, 0, 0, 0, 0, 3, 1, 1, 3, 0, 3, 1, 1, 2, 1, 2, 0, 0, 1, 1, 2, 0, 0, 0, 0, 2, 1, 0, 3, 1, 1, 1, 1, 3, 0, 0, 3, 0, 0, 2, 1, 0, 2, 1, 1, 1, 1, 2, 0, 0, 1, 1, 3, 0, 0, 0, 0, 2, 1, 1, 0, 0, 3, 1, 1, 1, 1, 3, 0, 0, 1, 1, 2, 0, 0, 0, 0, 3, 1, 0, 3, 1, 1, 2, 0, 0, 2, 1, 1, 0, 0, 3, 1, 1, 1, 1, 2, 0, 0, 1, 1, 2, 0, 0, 1, 1, 3, 0, 0, 3, 0, 0, 2, 1, 0, 2, 1, 0, 3, 1, 1, 0, 0, 3, 1, 1, 1, 1, 2, 0, 0, 1, 1, 3, 0, 0, 0, 0, 2, 2, 1, 1, 0, 0, 3, 3, 1, 2, 0, 2, 1]

--- Level 1 ---
--- Nhóm 5 ---
Thời gian chạy 0.0025417805 giây
Số bước Forward Checking: 178
Path Forward Checking: [1, 1, 2, 0, 0, 0, 2, 1, 1, 2, 0, 0, 2, 1, 1, 0, 0, 3, 1, 1, 1, 1, 2, 0, 0, 1, 1, 3, 0, 0, 0, 0, 3, 1, 1, 3, 0, 3, 1, 1, 2, 1, 2, 0, 0, 1, 1, 2, 0, 0, 0, 0, 2, 1, 0, 3, 1, 1, 1, 1, 3, 0, 0, 3, 0, 0, 2, 1, 0, 2, 1, 1, 1, 1, 2, 0, 0, 1, 1, 3, 0, 0, 0, 0, 2, 1, 1, 0, 0, 3, 1, 1, 1, 1, 3, 0, 0, 1, 1, 2, 0, 0, 0, 0, 3, 1, 0, 3, 1, 1, 2, 0, 0, 2, 1, 1, 0, 0, 3, 1, 1, 1, 1, 2, 0, 0, 1, 1, 2, 0, 0, 1, 1, 3, 0, 0, 3, 0, 0, 2, 1, 0, 2, 1, 0, 3, 1, 1, 0, 0, 3, 1, 1, 1, 1, 2, 0, 0, 1, 1, 3, 0, 0, 0, 0, 2, 2, 1, 1, 0, 0, 3, 3, 1, 2, 0, 2, 1]

--- Level 1 ---
--- Nhóm 5 ---
Thời gian chạy 0.0007483959 giây
Số bước Arc Consistency: 178
Path Arc Consistency: [1, 1, 2, 0, 0, 0, 2, 1, 1, 2, 0, 0, 2, 1, 1, 0, 0, 3, 1, 1, 1, 1, 2, 0, 0, 1, 1, 3, 0, 0, 0, 0, 3, 1, 1, 3, 0, 3, 1, 1, 2, 1, 2, 0, 0, 1, 1, 2, 0, 0, 0, 0, 2, 1, 0, 3, 1, 1, 1, 1, 3, 0, 0, 3, 0, 0, 2, 1, 0, 2, 1, 1, 1, 1, 2, 0, 0, 1, 1, 3, 0, 0, 0, 0, 2, 1, 1, 0, 0, 3, 1, 1, 1, 1, 3, 0, 0, 1, 1, 2, 0, 0, 0, 0, 3, 1, 0, 3, 1, 1, 2, 0, 0, 2, 1, 1, 0, 0, 3, 1, 1, 1, 1, 2, 0, 0, 1, 1, 2, 0, 0, 1, 1, 3, 0, 0, 3, 0, 0, 2, 1, 0, 2, 1, 0, 3, 1, 1, 0, 0, 3, 1, 1, 1, 1, 2, 0, 0, 1, 1, 3, 0, 0, 0, 0, 2, 2, 1, 1, 0, 0, 3, 3, 1, 2, 0, 2, 1]

--- Level 0 ---
--- Nhóm 1 ---
Thời gian chạy 0.0240764618 giây
Số bước BFS: 12
Path BFS: [2, 1, 3, 1, 2, 0, 2, 2, 0, 2, 0, 3]

--- Level 0 ---
--- Nhóm 1 ---
Thời gian chạy 1.4703466892 giây
Số bước: 31
Path DLS: [0, 0, 2, 1, 1, 1, 0, 0, 0, 2, 1, 1, 2, 1, 1, 2, 0, 0, 0, 3, 1, 3, 3, 1, 2, 2, 3, 3, 3, 1, 2]

--- Level 0 ---
--- Nhóm 1 ---
Thời gian chạy 0.0506272316 giây
Số bước: 20
Path IDS: [1, 1, 2, 0, 1, 3, 0, 0, 2, 2, 0, 0, 2, 2, 1, 3, 1, 3, 1, 2]

--- Level 0 ---
--- Nhóm 2 ---
Thời gian chạy 0.0498144627 giây
Số bước: 12
Path UCS: [2, 1, 3, 1, 2, 0, 2, 2, 0, 2, 0, 3]

--- Level 0 ---
--- Nhóm 2 ---
Thời gian chạy 0.0022661686 giây
Số bước: 24
Path Greedy: [0, 0, 2, 2, 1, 1, 1, 0, 0, 0, 2, 2, 1, 3, 0, 3, 3, 1, 1, 3, 1, 2, 2, 2]

--- Level 0 ---
--- Nhóm 2 ---
Thời gian chạy 0.0569365025 giây
Số bước: 12
Path A*: [2, 1, 3, 1, 2, 0, 2, 2, 0, 2, 0, 3]

--- Level 0 ---
--- Nhóm 3 ---
Thời gian: 0.0027782917 giây
Số bước Beam: 12
Path Beam: [2, 1, 3, 1, 2, 0, 2, 2, 0, 2, 0, 3]

--- Level 0 ---
--- Nhóm 3 ---
Thời gian: 0.2405350208 giây
Số bước Genetic: 93
Path Genetic: [2, 1, 0, 1, 2, 2, 2, 3, 0, 0, 0, 0, 3, 1, 1, 1, 0, 1, 3, 0, 2, 3, 1, 1, 1, 1, 0, 0, 1, 2, 1, 3, 1, 3, 0, 0, 1, 3, 3, 1, 1, 1, 2, 1, 1, 1, 3, 0, 0, 1, 3, 1, 0, 1, 0, 1, 3, 1, 2, 0, 2, 1, 3, 2, 1, 2, 2, 2, 3, 0, 0, 3, 0, 0, 0, 3, 3, 1, 1, 1, 2, 0, 0, 0, 2, 0, 0, 1, 1, 2, 2, 0, 3]

--- Level 0 ---
--- Nhóm 4 ---
Thời gian chạy 0.0027856827 giây
Số bước And-Or: 30
Path And-Or: [2, 1, 3, 1, 2, 0, 2, 0, 2, 2, 1, 1, 3, 0, 2, 0, 3, 1, 3, 0, 2, 2, 0, 0, 3, 1, 1, 3, 1, 2]

